current_batch = [
            {    
                "cap_id" : 1,
                "cap_successful" : True,
                "cap_values" : [
                    4780,4686,4668,4632,4615,4592,4578,4572,4564,4560,4553,4548,4537,4530,4508,4496,4479,
                    4472,4460,4453,4443,4437,4425,4420,4410,4404,4396,4392,4384,4377,4373,4370,4363,4360,4355,4352,
                    4348,4344,4342,4339,4336,4334,4332,4330,4329,4323,4321,4315,4308,4304,4295,4290,
                    4281,4276,4268,4263,4253,4250,4243,4240,4235,4231,4226,4223,4218,
                    4214,4205,4194,4187,4169,4157,4128,4110,4092,4067,4050,4033,3988
                ]
            },
            {    
                "cap_id" : 2,
                "cap_successful" : True,
                "cap_values" : [
                    4548,4522,4451,4433,4405,4393,4346,4324,4292, 4278,4251,4241,4216,4199,4191,4186,4177,
                    4172,4163,4160,4149,4136,4130,4117,4109,4095,4089,4075,4068,4050,4043,4032,4013,3987,
                    3971,3950,3940,3884,3847,3747,
                ]
            },
            {   
                "cap_id" : 3,
                "cap_successful" : True,
                "cap_values" : [
                    4780,4686,4668,4632,4615,4592,4578,4572,4564,4560,4553,4548,4537,4530,4508,4496,4479,
                    4472,4460,4453,4443,4437,4425,4420,4410,4404,4396,4392,4384,4377,4373,4370,4363,4360,4355,4352,
                    4348,4344,4342,4339,4336,4334,4332,4330,4329,4323,4321,4315,4308,4304,4295,4290,
                    4281,4276,4268,4263,4253,4250,4243,4240,4235,4231,4226,4223,4218,
                    4214,4205,4194,4187,4169,4157,4128,4110,4092,4067,4050,4033,3988
                ]
            },
            {    
                "cap_id" : 4,
                "cap_successful" : True,
                "cap_values" : [
                    4548,4522,4451,4433,4405,4393,4346,4324,4292, 4278,4251,4241,4216,4199,4191,4186,4177,
                    4172,4163,4160,4149,4136,4130,4117,4109,4095,4089,4075,4068,4050,4043,4032,4013,3987,
                    3971,3950,3940,3884,3847,3747,
                ]
            },
            {  
                "cap_id" : 5,
                "cap_successful" : True,
                "cap_values" : [
                    4780,4686,4668,4632,4615,4592,4578,4572,4564,4560,4553,4548,4537,4530,4508,4496,4479,
                    4472,4460,4453,4443,4437,4425,4420,4410,4404,4396,4392,4384,4377,4373,4370,4363,4360,4355,4352,
                    4348,4344,4342,4339,4336,4334,4332,4330,4329,4323,4321,4315,4308,4304,4295,4290,
                    4281,4276,4268,4263,4253,4250,4243,4240,4235,4231,4226,4223,4218,
                    4214,4205,4194,4187,4169,4157,4128,4110,4092,4067,4050,4033,3988
                ]
            },
            {
                "cap_id" : 6,
                "cap_successful" : True,
                "cap_values" : [
                    4548,4522,4451,4433,4405,4393,4346,4324,4292, 4278,4251,4241,4216,4199,4191,4186,4177,
                    4172,4163,4160,4149,4136,4130,4117,4109,4095,4089,4075,4068,4050,4043,4032,4013,3987,
                    3971,3950,3940,3884,3847,3747,
                ]
            },
            {
                "cap_id" : 7,
                "cap_successful" : True,
                "cap_values" : [
                    4548,4522,4451,4433,4405,4393,4346,4324,4292, 4278,4251,4241,4216,4199,4191,4186,4177,
                    4172,4163,4160,4149,4136,4130,4117,4109,4095,4089,4075,4068,4050,4043,4032,4013,3987,
                    3971,3950,3940,3884,3847,3747,
                ]
            }

] # array of objects holding the sealed caps


4443
4366
4270
4256
4238
4192
4180
4138
4124
4097
4084
4063
4048
0

